t = [0 0.1 0.2 0.3 0.4 0.5 0.6 0.7 0.8 0.9 1 1.1 1.2 1.3 1.4 1.5 1.6 1.7 1.8 1.9 2 2.1 2.2 2.3 2.4 2.5 2.6 2.7 2.8 2.9 3 3.1 3.2 3.3 3.4 3.5 3.6 3.7 3.8 3.9 4 4.1 4.2 4.3 4.4 4.5 4.6 4.7 4.8 4.9 5];
omega_m = [0 0 0 0 0 0 0 0 0 0 0 0 0 0 0 0 0 0 0 0 9.8814994e-38 130.17807 130.62934 130.55063 130.45403 130.3417 130.22224 130.10677 130.00905 129.94547 129.93481 129.9976 130.15516 130.4282 130.83536 131.39226 132.11263 133.01423 134.13511 135.57175 137.56231 140.63895 145.5453 148.87589 130.614 105.04935 102.30849 135.40037 210.48277 176.35463 400];
