t = [0 0.1 0.2 0.3 0.4 0.5 0.6 0.7 0.8 0.9 1 1.1 1.2 1.3 1.4 1.5 1.6 1.7 1.8 1.9 2 2.1 2.2 2.3 2.4 2.5 2.6 2.7 2.8 2.9 3 3.1 3.2 3.3 3.4 3.5 3.6 3.7 3.8 3.9 4 4.1 4.2 4.3 4.4 4.5 4.6 4.7 4.8 4.9 5 5.1 5.2 5.3 5.4 5.5 5.6 5.7 5.8 5.9 6 6.1 6.2 6.3 6.4 6.5 6.6 6.7 6.8 6.9 7 7.1 7.2 7.3 7.4 7.5 7.6 7.7 7.8 7.9 8 8.1 8.2 8.3 8.4 8.5 8.6 8.7 8.8 8.9 9 9.1 9.2 9.3 9.4 9.5 9.6 9.7 9.8 9.9 10 10.1 10.2 10.3 10.4 10.5 10.6 10.7 10.8 10.9 11];
omega_m = [0 0 0 0 0 0 0 0 0 0 0 0 0 0 0 0 0 0 0 0 0 0 0 0 0 0 0 0 0 0 -4.9998661e-09 500 500 500 500 499.99999 499.99999 499.99999 499.99999 499.99999 499.99999 499.99998 499.99998 499.99998 499.99998 499.99997 499.99997 499.99996 499.99995 499.99995 499.99994 499.99993 499.99991 499.9999 499.99987 499.99984 499.9998 499.99973 499.99961 499.99936 500 500 500 500 500 500 500 500 500 500 500 500 500 500 500 500 500 500 500 500 500 500 500 500 500 500 500 500 500 500 500 500 500 500 500 500 500 500 500 500 500 500 500 500 500 500 500 500 500 500 500];
id = [0 0 0 0 0 0 0 0 0 0 0 0 0 0 0 0 0 0 0 0 0 0 0 0 0 0 0 0 0 0 -3.1788589e-26 3.5306254e-22 3.7684556e-22 4.1904775e-22 4.660405e-22 5.1878137e-22 5.7801922e-22 6.4467151e-22 7.1982889e-22 8.0477804e-22 9.0104794e-22 1.0104871e-21 1.1353274e-21 1.2783023e-21 1.4427923e-21 1.633029e-21 1.8543801e-21 2.1137586e-21 2.420226e-21 2.7858933e-21 3.2273311e-21 3.7678337e-21 4.4412192e-21 5.2985449e-21 6.4207162e-21 7.9440678e-21 1.0117737e-20 1.3451017e-20 1.9167492e-20 3.111274e-20 -2.8111849e-22 -2.8111849e-22 -2.8111849e-22 -2.8111849e-22 -2.8111849e-22 -2.8111849e-22 -2.8111849e-22 -2.8111849e-22 -2.8111849e-22 -2.8111849e-22 -2.8111849e-22 -2.8111849e-22 -2.8111849e-22 -2.8111849e-22 -2.8111849e-22 -2.8111849e-22 -2.8111849e-22 -2.8111849e-22 -2.8111849e-22 -2.8111849e-22 -2.8111849e-22 -2.8111849e-22 -2.8111849e-22 -2.8111849e-22 -2.8111849e-22 -2.8111849e-22 -2.8111849e-22 -2.8111849e-22 -2.8111849e-22 -2.8111849e-22 -2.8111849e-22 -2.8111849e-22 -2.8111849e-22 -2.8111849e-22 -2.8111849e-22 -2.8111849e-22 -2.8111849e-22 -2.8111849e-22 -2.8111849e-22 -2.8111849e-22 -2.8111849e-22 -2.8111849e-22 -2.8111849e-22 -2.8111849e-22 -2.8111849e-22 -2.8111849e-22 -2.8111849e-22 -2.8111849e-22 -2.8111849e-22 -2.8111849e-22 -2.8111849e-22];
iq = [0 0 0 0 0 0 0 0 0 0 0 0 0 0 0 0 0 0 0 0 0 0 0 0 0 0 0 0 0 0 1.3235039e-25 0.015805079 0.012186692 0.012186799 0.012186799 0.012186799 0.012186799 0.012186799 0.012186799 0.012186799 0.012186799 0.012186799 0.012186799 0.012186799 0.012186799 0.012186798 0.012186798 0.012186798 0.012186798 0.012186798 0.012186798 0.012186797 0.012186797 0.012186796 0.012186796 0.012186795 0.012186793 0.012186791 0.012186787 0.012186777 0.012186815 0.012186815 0.012186815 0.012186815 0.012186815 0.012186815 0.012186815 0.012186815 0.012186815 0.012186815 0.012186815 0.012186815 0.012186815 0.012186815 0.012186815 0.012186815 0.012186815 0.012186815 0.012186815 0.012186815 0.012186815 0.012186815 0.012186815 0.012186815 0.012186815 0.012186815 0.012186815 0.012186815 0.012186815 0.012186815 0.012186815 0.012186815 0.012186815 0.012186815 0.012186815 0.012186815 0.012186815 0.012186815 0.012186815 0.012186815 0.012186815 0.012186815 0.012186815 0.012186815 0.012186815 0.012186815 0.012186815 0.012186815 0.012186815 0.012186815 0.012186815];
