t = [0 0.1 0.2 0.3 0.4 0.5 0.6 0.7 0.8 0.9 1 1.1 1.2 1.3 1.4 1.5 1.6 1.7 1.8 1.9 2 2.1 2.2 2.3 2.4 2.5 2.6 2.7 2.8 2.9 3 3.1 3.2 3.3 3.4 3.5 3.6 3.7 3.8 3.9 4 4.1 4.2 4.3 4.4 4.5 4.6 4.7 4.8 4.9 5 5.1 5.2 5.3 5.4 5.5 5.6 5.7 5.8 5.9 6 6.1 6.2 6.3 6.4 6.5 6.6 6.7 6.8 6.9 7 7.1 7.2 7.3 7.4 7.5 7.6 7.7 7.8 7.9 8 8.1 8.2 8.3 8.4 8.5 8.6 8.7 8.8 8.9 9 9.1 9.2 9.3 9.4 9.5 9.6 9.7 9.8 9.9 10 10.1 10.2 10.3 10.4 10.5 10.6 10.7 10.8 10.9 11];
omega_m = [0 0 0 0 0 0 0 0 0 0 0 0 0 0 0 0 0 0 0 0 0 0 0 0 0 0 0 0 0 0 -4.9997229e-09 500 500 500 500 499.99999 499.99999 499.99999 499.99999 499.99999 499.99999 499.99999 499.99998 499.99998 499.99998 499.99997 499.99997 499.99996 499.99996 499.99995 499.99994 499.99993 499.99992 499.99991 499.99989 499.99986 499.99982 499.99976 499.99965 499.99943 500 500 500 500 500 500 500 500 500 500 500 500 500 500 500 500 500 500 500 500 500 500 500 500 500 500 500 500 500 500 500 500 500 500 500 500 500 500 500 500 500 500 500 500 500 500 500 500 500 500 500];
id = [0 0 0 0 0 0 0 0 0 0 0 0 0 0 0 0 0 0 0 0 0 0 0 0 0 0 0 0 0 0 -6.3447158e-25 3.5800854e-22 3.770375e-22 4.1697278e-22 4.6118907e-22 5.1059587e-22 5.6583863e-22 6.2773074e-22 6.9722603e-22 7.754545e-22 8.637641e-22 9.6377277e-22 1.0774391e-21 1.2071631e-21 1.3559105e-21 1.5273927e-21 1.7263217e-21 1.9587633e-21 2.2326684e-21 2.5586693e-21 2.9513134e-21 3.4310525e-21 4.0275846e-21 4.7857508e-21 5.7766179e-21 7.1199589e-21 9.0346802e-21 1.1968362e-20 1.6996549e-20 2.7501755e-20 -2.4893718e-22 -2.4893718e-22 -2.4893718e-22 -2.4893718e-22 -2.4893718e-22 -2.4893718e-22 -2.4893718e-22 -2.4893718e-22 -2.4893718e-22 -2.4893718e-22 -2.4893718e-22 -2.4893718e-22 -2.4893718e-22 -2.4893718e-22 -2.4893718e-22 -2.4893718e-22 -2.4893718e-22 -2.4893718e-22 -2.4893718e-22 -2.4893718e-22 -2.4893718e-22 -2.4893718e-22 -2.4893718e-22 -2.4893718e-22 -2.4893718e-22 -2.4893718e-22 -2.4893718e-22 -2.4893718e-22 -2.4893718e-22 -2.4893718e-22 -2.4893718e-22 -2.4893718e-22 -2.4893718e-22 -2.4893718e-22 -2.4893718e-22 -2.4893718e-22 -2.4893718e-22 -2.4893718e-22 -2.4893718e-22 -2.4893718e-22 -2.4893718e-22 -2.4893718e-22 -2.4893718e-22 -2.4893718e-22 -2.4893718e-22 -2.4893718e-22 -2.4893718e-22 -2.4893718e-22 -2.4893718e-22 -2.4893718e-22 -2.4893718e-22];
iq = [0 0 0 0 0 0 0 0 0 0 0 0 0 0 0 0 0 0 0 0 0 0 0 0 0 0 0 0 0 0 2.7385923e-25 0.015805079 0.012186692 0.012186799 0.012186799 0.012186799 0.012186799 0.012186799 0.012186799 0.012186799 0.012186799 0.012186799 0.012186799 0.012186799 0.012186799 0.012186799 0.012186798 0.012186798 0.012186798 0.012186798 0.012186798 0.012186797 0.012186797 0.012186797 0.012186796 0.012186795 0.012186794 0.012186792 0.012186788 0.01218678 0.012186813 0.012186813 0.012186813 0.012186813 0.012186813 0.012186813 0.012186813 0.012186813 0.012186813 0.012186813 0.012186813 0.012186813 0.012186813 0.012186813 0.012186813 0.012186813 0.012186813 0.012186813 0.012186813 0.012186813 0.012186813 0.012186813 0.012186813 0.012186813 0.012186813 0.012186813 0.012186813 0.012186813 0.012186813 0.012186813 0.012186813 0.012186813 0.012186813 0.012186813 0.012186813 0.012186813 0.012186813 0.012186813 0.012186813 0.012186813 0.012186813 0.012186813 0.012186813 0.012186813 0.012186813 0.012186813 0.012186813 0.012186813 0.012186813 0.012186813 0.012186813];
